0.047720957
0.046528141
0.050856357
0.043149377
0.036669447
0.053641441
0.049533325
0.046961725
0.048831065
0.049418832
0.048644572
0.052409369
0.056787376
0.055331493
0.047848316
0.038785737
0.061584722
0.040521069
0.054007846
0.054817458
0.047968484
0.041496797
0.04965469
0.061413589
0.043726304
0.054498907
0.041793243
0.041496797
0.04799862
0.048010469
0.049935906
0.047653326
0.042428687
0.046868469
0.039125952
0.04215558
0.041251293
0.060226366
0.038183031
0.062116517
0.039387652
0.054024719
0.053300813
0.037953249
0.053807351
0.043656688
0.040454566
0.04092554
0.052062663
0.050396279
0.059220245
0.047003268
0.04709063
0.056085242
0.038099611
0.054315503
0.048591034
0.066597119
0.048593431
0.046578337
0.04647009
0.051419701
0.045858749
0.04380049
0.051018629
0.046439211
0.051170475
0.045512489
0.05288204
0.043840181
0.040969161
0.043980691
0.050370065
0.05253625
0.051252212
0.046900094
0.045954343
0.052789587
0.044992772
0.046405778
0.057730814
0.047678691
0.052370605
0.047457774
0.039368709
0.05689469
0.03919949
0.048601921
0.046250343
0.055514642
0.04621203
0.051343925
0.057075178
0.046301547
0.046484714
0.047612346
0.053912569
0.042926921
0.062605447
0.045510563
0.051155342
0.040940198
0.047792637
0.054220645
0.046990298
0.045769182
0.059714135
0.04705515
0.043780531
0.043530039
0.058296241
0.032115024
0.044493348
0.049193061
0.052867719
0.040713932
0.053435268
0.046532294
0.062899075
0.047613627
0.056687838
0.042408238
0.055888013
0.048268952
0.047354809
0.047044197
0.048420109
0.055458261
0.039283629
0.04366974
0.053442904
0.049320197
0.053625543
0.04610678
0.047798575
0.043777865
0.044463994
0.053300459
0.067115273
0.047872254
0.041985791
0.042491662
0.047861217
0.044291823
0.04687172
0.053711771
0.053234523
0.048497967
0.044845287
0.06504167
0.047901609
0.045195321
0.053955153
0.046604191
0.045796696
0.041238323
0.056506552
0.047262395
0.047740116
0.049199993
0.052086686
0.050543785
0.05345328
0.047215899
0.050825838
0.055053027
0.053823139
0.04285897
0.045260765
0.04297021
0.047064794
0.049256238
0.054096202
0.052835218
0.054455098
0.049395167
0.043869612
0.043008253
0.041103014
0.046310333
0.055231685
0.056857756
0.051244578
0.054993847
0.055578121
0.044048686
0.042238935
0.048732074
0.04551396
0.051598889
0.047610888
0.042281988
0.04035669
0.07374851
0.06167885
0.047746484
0.052418711
0.049920992
0.047482608
0.045958422
0.04814059
0.072786424
0.059332979
0.052080355
0.050542894
0.045598116
0.053324189
0.054074857
0.042063172
0.056039472
0.042883763
0.046660372
0.048597047
0.043669097
0.049007576
0.046897914
0.043718919
0.036713893
0.055693131
0.045628168
0.046096518
0.049065939
0.049412154
0.048447451
0.045310505
0.051496381
0.056198701
0.05431034
0.049758324
0.062001542
0.035318387
0.059113364
0.043165029
0.046517156
0.052207565
0.042746636
0.045998146
0.04315465
0.046422127
0.042610214
0.048142228
0.053967559
0.04326826
0.047037799
0.046263163
-0.053548438
0.063460308
0.046216705
0.06136192
0.041001882
0.040740293
0.049708479
0.052616754
0.048857846
0.051391367
0.053230175
0.046015808
0.046156322
0.044838586
0.053824065
0.045332673
0.045123555
0.048822818
0.04089242
0.043477634
0.051657153
0.048058931
0.047035291
0.043129363
0.048472969
0.041680644
0.040250396
0.048421992
0.04677897
0.039758719
0.046317051
0.051485944
0.045100883
0.047997422
0.055773793
0.044862721
0.05037787
0.046984255
0.044510909
0.053204719
0.047097363
0.049193618
0.049617764
0.047455139
0.042653522
0.04733889
0.044800218
0.040993332
0.045217084
0.049495313
0.055064647
0.042620502
0.051868571
0.045844929
0.045186459
0.035452387
0.021340334
0.021956688
0.027594855
0.021545826
0.020913407
0.028814099
0.031651567
0.030419845
0.032394186
0.030827684
0.030859029
0.036233211
0.032296391
0.025724924
0.021850353
0.017631683
0.022443296
0.023523354
0.032126444
0.034828325
0.016785921
0.01415132
0.023762832
0.034843862
0.03065688
0.031208649
0.033432312
0.038737342
0.027528954
0.032181368
0.034448487
0.028130098
0.02049469
0.031261481
0.028776046
0.029101513
0.026956587
0.026582294
0.032297466
0.026047839
0.035560644
0.038099611
0.043819682
0.033459626
0.018184455
0.025827507
0.029448665
0.034229646
0.016987815
0.014316971
0.017975453
-0.046444024
-0.030800823
-0.028669716
-0.037194061
-0.021823167
-0.045909232
-0.024725335
-0.053338364
-0.030169329
-0.039061318
-0.049467073
-0.0227062
-0.054429337
-0.02513106
-0.049835109
-0.036739824
-0.060948879
-0.029797466
-0.032803043
-0.054511152
-0.037271527
-0.061872927
-0.050686068
-0.051907624
-0.052984102
-0.02526767
-0.051532156
-0.058709062
-0.028027802
-0.066012811
-0.058499832
-0.019318045
-0.031459149
-0.02841501
-0.020679641
-0.026139301
-0.055209158
-0.018702192
-0.025604909
-0.039968732
-0.032784223
-0.037998738
-0.019578727
-0.027751659
-0.022910561
-0.048824579
-0.048307594
-0.045424736
-0.040211605
-0.04964034
-0.029512624
-0.039934656
-0.052311617
-0.019164638
-0.041266913
-0.043075209
-0.048687649
-0.05119249
-0.051207706
-0.0088000737
-0.048569422
-0.049338151
-0.0498012
-0.026090912
-0.044360363
-0.040050883
-0.055650824
-0.020435207
-0.013670862
-0.028372398
0.030345988
-0.024897766
-0.042121264
-0.04855943
-0.048164242
0.0034223449
-0.06065736
-0.051659096
-0.058124664
-0.028961219
-0.011646587
-0.024722136
-0.024493821
0.015690741
-0.017499278
-0.05332204
-0.013407247
-0.030247121
-0.028805438
-0.055570111
0.029438157
-0.050577287
0.014491605
-0.017864855
0.035645949
-0.04910975
0.0091373837
-0.052460642
0.04681628
-0.032450282
-0.021965857
0.039204784
-0.0265685
-0.017025824
-0.054057427
0.032064555
-0.042336968
-0.055991319
-0.012340176
-0.040304754
-0.026501166
-0.027364084
-0.048706758
0.03606708
-0.024926648
-0.023367328
-0.06552403
0.036043649
-0.0045248734
-0.054438544
0.03658797
-0.0012353394
-0.0010333861
0.027413622
0.025686697
0.0041943027
-0.020216809
0.042396718
-0.0066205539
0.038965326
-0.031094555
-0.022686026
0.025131314
-0.037049449
0.042028972
0.040769204
0.021310152
0.030624358
0.023605841
0.0073962848
0.038708506
0.031644946
0.028488677
0.01267229
0.024956984
0.030548839
0.020425483
0.019840155
0.011899148
0.026433079
0.00082460269
0.016556409
0.024012449
0.036700307
0.026451488
0.019445298
0.02216125
0.028903649
0.024297395
0.026227084
0.018101449
0.013439934
0.020955973
0.017001102
0.030500722
0.019781831
0.029699812
0.011181437
0.020523167
0.020470674
0.014194623
0.012365549
0.03111803
0.040444537
0.013865273
0.017785105
0.024767175
0.02807601
0.029535003
0.013054378
0.026224752
0.031402515
0.027382619
0.035361536
0.030268909
0.02709956
0.031479908
0.021720217
0.028996175
0.013008435
0.032692256
0.020724454
0.01337021
0.015086219
0.005146818
0.026310967
0.032444861
0.028809082
0.0271477
0.032025007
0.037764653
0.035737852
0.025309794
0.022894309
0.015824433
0.030456889
0.036506006
0.036149884
0.02874519
0.022882975
0.038359291
0.040865939
0.027763277
0.024273867
0.030562184
0.025674789
0.019908047
0.028342062
0.032698959
0.031329939
0.03112778
0.016388493
0.025482224
0.015956858
0.02819645
0.029810645
0.024681387
0.024484845
0.030312343
0.026103196
0.021277046
0.027499705
0.018758491
0.029922931
0.018994317
0.026039995
0.026389953
0.02847631
0.016494742
0.022560428
0.023276948
0.028104418
0.029306939
0.015939732
0.016374663
0.028274299
0.033680988
0.03611384
